50112826
50112827
50112828
50112829
50112888
50113186
50116542
50116543
50116544
50116545
50116546
50116554
50116555
50116556
50116608
50116609
50116610
50116623
50116625
50116790
50116791
50116803
50117125
50117126
50117186
50117187
50117528
50117529
50117530
50117531
50117532
50117534
50120392
50120394
50120674
50120675
50120676
50120677
50120767
50120768
50120770
50120772
50120774
50120777
50120778
50120779
50120780
50120781
50120809
50120812
50120816
50120847
50120926
50120927
50122077
50121775
50122441
50122442
50122811
50123442
50123474
50123484
50124412
50128046
50156583
50159837
50159838
50254387
50254402
50266676
50317720
50317729
50317895
50317897
50317964
50318102
50318199
50318201
50318286
50318419
50318652
50319005
50325523
50325597
50326256
50348910
